40 20 160
38 1 0.941924717548
7 18 -0.165797921695
38 18 0.729814803645
37 7 1.67005172705
37 15 1.22578132497
25 9 -0.20392710519
34 12 -1.37577941744
30 10 0.548172765192
31 9 0.470890680841
36 9 0.235563331806
9 9 0.783306557759
6 10 0.231130189642
5 2 -0.209948333404
18 12 -3.05930615134
30 15 -0.396280143123
1 10 0.168227974127
7 14 -1.05305178842
24 5 0.542497823634
8 2 -1.58005509669
21 15 0.795075392472
1 6 -0.607084061822
22 1 -1.99925257689
16 4 2.30586423317
27 10 -0.763074971628
36 6 0.516697820034
33 5 -0.407679831696
14 11 1.50860537652
33 2 1.17200966681
6 8 -0.0255976028942
21 16 -0.877185353196
22 9 0.575809171536
1 9 2.0332401362
0 4 1.78913658851
16 18 1.72414638632
0 1 -0.335872098708
19 5 -1.75201049972
6 15 0.332933634911
3 8 1.20781742335
36 7 -0.276435124253
21 18 0.546312978859
24 13 1.02503268589
9 2 0.442331896796
4 6 0.814136025678
15 7 0.0351164414115
10 18 -0.423910748561
26 16 0.403276701944
25 14 0.508799235352
18 17 -0.116181639549
11 16 0.181092638622
28 18 2.17205117783
24 4 0.788630186377
19 11 3.06159179603
33 4 0.380481837356
36 8 -3.48157470749
12 6 0.13189832056
18 16 0.0767580909809
14 3 -0.558873400275
38 11 0.256554516539
20 8 2.66670573582
0 19 1.12926243468
8 3 -0.553017992521
36 0 1.95065691042
38 14 -0.444578085101
39 15 -1.33632802759
34 18 -0.836580791338
25 15 -0.272745012167
20 4 0.864022663806
2 12 -0.382142476417
12 16 0.261017913653
23 12 -2.21245522298
6 4 0.600697269227
11 2 2.53376834766
31 0 1.30859914319
19 8 -3.17195546664
25 1 -0.54467904766
29 19 0.194871523348
39 11 1.74034691439
16 5 1.79793154563
20 2 -3.98076732799
33 19 1.08675523166
6 19 0.282905347781
16 15 2.08445679093
14 9 1.49411619335
24 8 1.53770365875
18 8 -2.64719340231
36 4 -1.44832300518
27 6 0.809738661566
0 7 1.85997434275
13 9 -0.36729980827
20 5 0.984755387222
1 7 1.59650440051
10 3 0.219422480902
16 0 -2.66210995515
35 11 -0.680949494657
36 18 -0.739988985476
34 11 -0.773210073981
19 7 -0.103038456072
18 1 -2.34055819998
6 11 0.874925717993
32 15 0.391224337214
27 3 -0.0395061786533
27 14 -0.613469251633
10 2 1.73984805931
4 16 -0.104414203159
1 1 0.406706691147
8 15 0.751476696398
16 13 3.43545481324
14 10 0.455650017444
18 3 1.20736397266
17 16 0.100244075182
25 4 -0.310205681278
24 11 -2.51004407142
20 1 2.66171213075
28 19 1.87887657093
39 19 0.260178320969
9 16 0.148609898995
10 17 -0.507838219192
0 0 -0.18008877604
3 9 1.27608195891
28 8 1.87091787121
18 13 -2.77857414798
27 16 -0.245559792205
18 2 4.59798907036
4 2 2.55179374367
37 6 -0.80943059866
0 9 3.11637686362
31 8 -2.6269338487
32 12 1.70686623902
37 0 -1.11695834696
1 12 2.39966942836
37 8 1.42027891502
1 14 0.516135670011
5 15 0.0943823802052
32 18 0.780556455799
17 4 0.790559673994
1 4 1.44540502201
24 10 -1.81220168145
8 5 0.20192836014
14 15 0.300899788235
23 9 -0.882818315868
12 12 -1.48603668621
17 17 -0.467611851342
1 18 1.03083214107
14 19 0.50650689628
35 13 -1.41825775884
0 5 0.561756927354
31 10 2.05165933576
13 14 1.1889121803
34 2 1.35939042683
36 10 2.71340151221
33 8 -1.4035809083
2 0 0.172051415204
10 14 1.19419344852
28 7 2.98497789728
6 9 0.760671296202
17 11 0.241027944304
24 7 -0.263541339706
32 9 2.07188844883
26 9 1.63651610015
2 14 0.111611289465
